Type;FSV-30;
Version;2.30 SP4;
Date;09.Dec 16;
Mode;ANALYZER;
Center Freq;199999967.000000;Hz
Freq Offset;0.000000;Hz
Span;100000000.000000;Hz
x-Axis;LIN;
Start;149999967.000000;Hz
Stop;249999967.000000;Hz
Ref Level;0.000000;dBm
Level Offset;0.000000;dB
Ref Position;100.000000;%
y-Axis;LOG;
Level Range;120.000000;dB
Rf Att;10.000000;dB
El Att;0.000000;dB
RBW;1000.000000;Hz
VBW;300.000000;Hz
SWT;0.065417;s
Trace Mode;CLR/WRITE;
Detector;MAXPEAK;
Sweep Count;0;
Trace 1:;;
x-Unit;Hz;
y-Unit;dBm;
Preamplifier;OFF;
Transducer;OFF;
Values;691;
149999967;-106.04331207275391;
150144894.53623188;-106.05301666259766;
150289822.07246375;-105.00739288330078;
150434749.60869563;-105.06362152099609;
150579677.1449275;-105.81291961669922;
150724604.68115938;-106.41974639892578;
150869532.21739125;-106.30508422851562;
151014459.75362313;-106.48162078857422;
151159387.289855;-106.46174621582031;
151304314.82608688;-106.01719665527344;
151449242.36231875;-105.72099304199219;
151594169.89855063;-107.54119110107422;
151739097.43478251;-104.17868041992187;
151884024.97101438;-105.32073211669922;
152028952.50724626;-105.26267242431641;
152173880.04347813;-105.59223937988281;
152318807.57971001;-105.888427734375;
152463735.11594188;-106.03351593017578;
152608662.65217376;-105.50502777099609;
152753590.18840563;-105.51245880126953;
152898517.72463751;-106.62479400634766;
153043445.26086938;-106.29315948486328;
153188372.79710126;-106.36446380615234;
153333300.33333313;-105.4677734375;
153478227.86956501;-104.91367340087891;
153623155.40579689;-107.13433074951172;
153768082.94202876;-105.32911682128906;
153913010.47826064;-104.72883605957031;
154057938.01449251;-105.62674713134766;
154202865.55072439;-107.17076110839844;
154347793.08695626;-106.57422637939453;
154492720.62318814;-103.86656188964844;
154637648.15942001;-104.10401153564453;
154782575.69565189;-105.4166259765625;
154927503.23188376;-107.15066528320312;
155072430.76811564;-105.50812530517578;
155217358.30434752;-106.63291931152344;
155362285.84057939;-106.046142578125;
155507213.37681127;-106.54182434082031;
155652140.91304314;-106.74754333496094;
155797068.44927502;-105.89685821533203;
155941995.98550689;-106.31946563720703;
156086923.52173877;-105.78113555908203;
156231851.05797064;-105.1156005859375;
156376778.59420252;-106.26260375976562;
156521706.13043439;-106.04203796386719;
156666633.66666627;-104.91446685791016;
156811561.20289814;-106.12324523925781;
156956488.73913002;-106.41831970214844;
157101416.2753619;-105.65227508544922;
157246343.81159377;-107.19673156738281;
157391271.34782565;-105.65729522705078;
157536198.88405752;-106.26028442382812;
157681126.4202894;-106.32778167724609;
157826053.95652127;-106.73890686035156;
157970981.49275315;-107.03255462646484;
158115909.02898502;-105.31798553466797;
158260836.5652169;-106.28174591064453;
158405764.10144877;-106.74596405029297;
158550691.63768065;-107.31565093994141;
158695619.17391253;-106.73696136474609;
158840546.7101444;-104.47837829589844;
158985474.24637628;-105.3236083984375;
159130401.78260815;-104.68794250488281;
159275329.31884003;-106.26223754882812;
159420256.8550719;-104.70446014404297;
159565184.39130378;-106.14839172363281;
159710111.92753565;-106.54051971435547;
159855039.46376753;-105.94899749755859;
159999966.9999994;-75.404403686523438;
160144894.53623128;-106.7191162109375;
160289822.07246315;-105.18538665771484;
160434749.60869503;-107.44332885742187;
160579677.14492691;-106.19599151611328;
160724604.68115878;-105.33941650390625;
160869532.21739066;-107.24472808837891;
161014459.75362253;-106.05007934570312;
161159387.28985441;-105.34622955322266;
161304314.82608628;-105.84740447998047;
161449242.36231816;-105.73814392089844;
161594169.89855003;-105.19145202636719;
161739097.43478191;-106.17350769042969;
161884024.97101378;-103.72429656982422;
162028952.50724566;-103.93089294433594;
162173880.04347754;-105.45292663574219;
162318807.57970941;-105.7379150390625;
162463735.11594129;-104.68538665771484;
162608662.65217316;-105.13772583007812;
162753590.18840504;-105.38369750976562;
162898517.72463691;-107.20964813232422;
163043445.26086879;-106.33618927001953;
163188372.79710066;-105.94161987304687;
163333300.33333254;-105.60710144042969;
163478227.86956441;-105.49768829345703;
163623155.40579629;-105.91213226318359;
163768082.94202816;-106.54256439208984;
163913010.47826004;-105.80752563476562;
164057938.01449192;-106.18829345703125;
164202865.55072379;-105.59615325927734;
164347793.08695567;-105.41316223144531;
164492720.62318754;-105.83918762207031;
164637648.15941942;-105.88948059082031;
164782575.69565129;-106.09153747558594;
164927503.23188317;-105.74630737304687;
165072430.76811504;-106.31797790527344;
165217358.30434692;-106.14539337158203;
165362285.84057879;-104.964599609375;
165507213.37681067;-106.10984039306641;
165652140.91304255;-106.08328247070312;
165797068.44927442;-105.60718536376953;
165941995.9855063;-105.90776062011719;
166086923.52173817;-104.87265014648437;
166231851.05797005;-105.69669342041016;
166376778.59420192;-105.85713958740234;
166521706.1304338;-105.7491455078125;
166666633.66666567;-106.4482421875;
166811561.20289755;-106.33437347412109;
166956488.73912942;-106.93687438964844;
167101416.2753613;-105.32884979248047;
167246343.81159317;-106.73210144042969;
167391271.34782505;-106.24967193603516;
167536198.88405693;-105.68988800048828;
167681126.4202888;-105.34719848632812;
167826053.95652068;-106.99063110351563;
167970981.49275255;-105.72091674804687;
168115909.02898443;-104.54079437255859;
168260836.5652163;-105.64945220947266;
168405764.10144818;-105.62335205078125;
168550691.63768005;-106.30461883544922;
168695619.17391193;-106.787353515625;
168840546.7101438;-105.31207275390625;
168985474.24637568;-105.10460662841797;
169130401.78260756;-105.71604156494141;
169275329.31883943;-105.71919250488281;
169420256.85507131;-105.07301330566406;
169565184.39130318;-103.59825897216797;
169710111.92753506;-106.43667602539062;
169855039.46376693;-105.09193420410156;
169999966.99999881;-106.51157379150391;
170144894.53623068;-105.20548248291016;
170289822.07246256;-105.86717987060547;
170434749.60869443;-105.74362182617187;
170579677.14492631;-105.25203704833984;
170724604.68115819;-105.15449523925781;
170869532.21739006;-106.16880798339844;
171014459.75362194;-104.95489501953125;
171159387.28985381;-105.51637268066406;
171304314.82608569;-107.23546600341797;
171449242.36231756;-104.75603485107422;
171594169.89854944;-106.40010833740234;
171739097.43478131;-107.84551239013672;
171884024.97101319;-105.66422271728516;
172028952.50724506;-104.333740234375;
172173880.04347694;-106.30055999755859;
172318807.57970881;-105.11211395263672;
172463735.11594069;-106.18525695800781;
172608662.65217257;-105.87184143066406;
172753590.18840444;-104.86862182617187;
172898517.72463632;-105.82233428955078;
173043445.26086819;-105.09019470214844;
173188372.79710007;-106.74454498291016;
173333300.33333194;-105.96070861816406;
173478227.86956382;-104.97531890869141;
173623155.40579569;-105.59583282470703;
173768082.94202757;-105.71554565429687;
173913010.47825944;-106.18262481689453;
174057938.01449132;-105.77754211425781;
174202865.5507232;-106.31114959716797;
174347793.08695507;-106.7879638671875;
174492720.62318695;-106.45960235595703;
174637648.15941882;-104.79542541503906;
174782575.6956507;-105.44915008544922;
174927503.23188257;-105.90798187255859;
175072430.76811445;-106.82553863525391;
175217358.30434632;-104.19798278808594;
175362285.8405782;-104.74801635742187;
175507213.37681007;-105.78572845458984;
175652140.91304195;-105.70219421386719;
175797068.44927382;-103.99080657958984;
175941995.9855057;-105.72797393798828;
176086923.52173758;-107.47735595703125;
176231851.05796945;-106.10758972167969;
176376778.59420133;-104.222900390625;
176521706.1304332;-105.81630706787109;
176666633.66666508;-105.35969543457031;
176811561.20289695;-104.73543548583984;
176956488.73912883;-105.46351623535156;
177101416.2753607;-106.87559509277344;
177246343.81159258;-105.11878967285156;
177391271.34782445;-104.64422607421875;
177536198.88405633;-104.24755859375;
177681126.42028821;-106.37567901611328;
177826053.95652008;-105.37101745605469;
177970981.49275196;-104.06237030029297;
178115909.02898383;-105.78504943847656;
178260836.56521571;-106.13249206542969;
178405764.10144758;-105.97167205810547;
178550691.63767946;-103.22065734863281;
178695619.17391133;-106.80721282958984;
178840546.71014321;-106.04266357421875;
178985474.24637508;-105.41498565673828;
179130401.78260696;-106.17047882080078;
179275329.31883883;-105.54470062255859;
179420256.85507071;-105.92691802978516;
179565184.39130259;-105.35326385498047;
179710111.92753446;-105.72254180908203;
179855039.46376634;-104.18798065185547;
179999966.99999821;-97.472770690917969;
180144894.53623009;-104.52495574951172;
180289822.07246196;-105.91233825683594;
180434749.60869384;-107.59015655517578;
180579677.14492571;-105.53254699707031;
180724604.68115759;-104.04348754882812;
180869532.21738946;-104.97498321533203;
181014459.75362134;-103.76309967041016;
181159387.28985322;-104.37672424316406;
181304314.82608509;-104.73905181884766;
181449242.36231697;-106.06611633300781;
181594169.89854884;-103.69274139404297;
181739097.43478072;-104.97559356689453;
181884024.97101259;-106.69843292236328;
182028952.50724447;-105.93085479736328;
182173880.04347634;-105.14027404785156;
182318807.57970822;-106.03678894042969;
182463735.11594009;-105.66353607177734;
182608662.65217197;-106.62258911132812;
182753590.18840384;-105.55099487304688;
182898517.72463572;-106.10709381103516;
183043445.2608676;-105.42575836181641;
183188372.79709947;-105.81185150146484;
183333300.33333135;-104.71784210205078;
183478227.86956322;-105.55781555175781;
183623155.4057951;-105.83727264404297;
183768082.94202697;-105.01641845703125;
183913010.47825885;-104.43010711669922;
184057938.01449072;-106.75392150878906;
184202865.5507226;-104.86392211914062;
184347793.08695447;-105.24973297119141;
184492720.62318635;-105.93955230712891;
184637648.15941823;-105.81932067871094;
184782575.6956501;-106.45216369628906;
184927503.23188198;-105.06293487548828;
185072430.76811385;-103.26781463623047;
185217358.30434573;-105.00957489013672;
185362285.8405776;-103.99641418457031;
185507213.37680948;-104.59130096435547;
185652140.91304135;-104.22489166259766;
185797068.44927323;-105.41609191894531;
185941995.9855051;-104.80990600585937;
186086923.52173698;-103.49946594238281;
186231851.05796885;-105.60557556152344;
186376778.59420073;-104.367919921875;
186521706.13043261;-104.80126953125;
186666633.66666448;-105.47013854980469;
186811561.20289636;-104.86830139160156;
186956488.73912823;-104.69551849365234;
187101416.27536011;-104.88759613037109;
187246343.81159198;-104.95673370361328;
187391271.34782386;-104.42404937744141;
187536198.88405573;-105.22377014160156;
187681126.42028761;-103.81528472900391;
187826053.95651948;-103.71247100830078;
187970981.49275136;-104.47818756103516;
188115909.02898324;-104.12266540527344;
188260836.56521511;-103.249267578125;
188405764.10144699;-105.15940856933594;
188550691.63767886;-104.17755126953125;
188695619.17391074;-103.52764892578125;
188840546.71014261;-104.53553009033203;
188985474.24637449;-103.54744720458984;
189130401.78260636;-104.48403167724609;
189275329.31883824;-104.81002044677734;
189420256.85507011;-103.64877319335937;
189565184.39130199;-102.46439361572266;
189710111.92753386;-102.91041564941406;
189855039.46376574;-102.07711029052734;
189999966.99999762;-90.256881713867188;
190144894.53622949;-103.97069549560547;
190289822.07246137;-104.06313323974609;
190434749.60869324;-103.18007659912109;
190579677.14492512;-104.01087951660156;
190724604.68115699;-102.99313354492187;
190869532.21738887;-103.90444946289062;
191014459.75362074;-103.16928863525391;
191159387.28985262;-103.35402679443359;
191304314.82608449;-102.28570556640625;
191449242.36231637;-104.08287048339844;
191594169.89854825;-102.34115600585937;
191739097.43478012;-101.48660278320312;
191884024.971012;-103.38014984130859;
192028952.50724387;-101.60517883300781;
192173880.04347575;-100.8804931640625;
192318807.57970762;-102.79646301269531;
192463735.1159395;-103.83161926269531;
192608662.65217137;-103.32852935791016;
192753590.18840325;-101.07388305664062;
192898517.72463512;-102.42500305175781;
193043445.260867;-101.96195220947266;
193188372.79709888;-102.67431640625;
193333300.33333075;-103.48211669921875;
193478227.86956263;-102.14857482910156;
193623155.4057945;-100.67205047607422;
193768082.94202638;-102.04957580566406;
193913010.47825825;-101.54315185546875;
194057938.01449013;-100.58644866943359;
194202865.550722;-100.93118286132812;
194347793.08695388;-100.47348785400391;
194492720.62318575;-99.170455932617188;
194637648.15941763;-96.824363708496094;
194782575.6956495;-98.727371215820313;
194927503.23188138;-89.062423706054687;
195072430.76811326;-96.404251098632813;
195217358.30434513;-98.647056579589844;
195362285.84057701;-97.408988952636719;
195507213.37680888;-96.761871337890625;
195652140.91304076;-96.655914306640625;
195797068.44927263;-94.889472961425781;
195941995.98550451;-92.987380981445313;
196086923.52173638;-92.43170166015625;
196231851.05796826;-91.909187316894531;
196376778.59420013;-92.876495361328125;
196521706.13043201;-92.054924011230469;
196666633.66666389;-90.486419677734375;
196811561.20289576;-90.061370849609375;
196956488.73912764;-90.506889343261719;
197101416.27535951;-89.851966857910156;
197246343.81159139;-89.930076599121094;
197391271.34782326;-89.506584167480469;
197536198.88405514;-87.311759948730469;
197681126.42028701;-90.257392883300781;
197826053.95651889;-93.300048828125;
197970981.49275076;-90.198616027832031;
198115909.02898264;-91.866416931152344;
198260836.56521451;-92.029472351074219;
198405764.10144639;-92.59039306640625;
198550691.63767827;-91.765090942382813;
198695619.17391014;-93.321937561035156;
198840546.71014202;-94.872337341308594;
198985474.24637389;-93.7403564453125;
199130401.78260577;-93.024040222167969;
199275329.31883764;-95.154541015625;
199420256.85506952;-94.878585815429687;
199565184.39130139;-94.54437255859375;
199710111.92753327;-93.302871704101563;
199855039.46376514;-81.645477294921875;
199999966.99999702;-3.3762586116790771;
200144894.5362289;-82.0030517578125;
200289822.07246077;-92.6451416015625;
200434749.60869265;-95.813766479492187;
200579677.14492452;-95.471916198730469;
200724604.6811564;-95.392318725585938;
200869532.21738827;-93.292411804199219;
201014459.75362015;-94.028793334960938;
201159387.28985202;-94.018516540527344;
201304314.8260839;-92.081939697265625;
201449242.36231577;-92.467002868652344;
201594169.89854765;-92.006759643554688;
201739097.43477952;-92.070480346679688;
201884024.9710114;-92.95965576171875;
202028952.50724328;-90.796241760253906;
202173880.04347515;-91.703826904296875;
202318807.57970703;-90.933494567871094;
202463735.1159389;-86.486137390136719;
202608662.65217078;-89.913520812988281;
202753590.18840265;-89.061996459960938;
202898517.72463453;-89.395111083984375;
203043445.2608664;-89.664031982421875;
203188372.79709828;-89.633811950683594;
203333300.33333015;-91.898704528808594;
203478227.86956203;-90.670509338378906;
203623155.40579391;-92.005943298339844;
203768082.94202578;-92.993438720703125;
203913010.47825766;-93.715812683105469;
204057938.01448953;-94.591094970703125;
204202865.55072141;-95.539398193359375;
204347793.08695328;-96.989768981933594;
204492720.62318516;-96.462310791015625;
204637648.15941703;-98.162254333496094;
204782575.69564891;-97.886306762695312;
204927503.23188078;-98.174079895019531;
205072430.76811266;-91.970458984375;
205217358.30434453;-96.727470397949219;
205362285.84057641;-99.050895690917969;
205507213.37680829;-99.181526184082031;
205652140.91304016;-98.5845947265625;
205797068.44927204;-100.58758544921875;
205941995.98550391;-99.064445495605469;
206086923.52173579;-100.90960693359375;
206231851.05796766;-101.20429229736328;
206376778.59419954;-100.39127349853516;
206521706.13043141;-102.28147125244141;
206666633.66666329;-100.88510131835937;
206811561.20289516;-100.53095245361328;
206956488.73912704;-100.15522003173828;
207101416.27535892;-101.50722503662109;
207246343.81159079;-102.62095642089844;
207391271.34782267;-102.28562164306641;
207536198.88405454;-103.24360656738281;
207681126.42028642;-102.09430694580078;
207826053.95651829;-102.57119750976562;
207970981.49275017;-102.6844482421875;
208115909.02898204;-102.22280120849609;
208260836.56521392;-103.31637573242187;
208405764.10144579;-102.0377197265625;
208550691.63767767;-101.94325256347656;
208695619.17390954;-103.45438385009766;
208840546.71014142;-102.40610504150391;
208985474.2463733;-102.79692840576172;
209130401.78260517;-96.9478759765625;
209275329.31883705;-102.07867431640625;
209420256.85506892;-102.58571624755859;
209565184.3913008;-102.26120758056641;
209710111.92753267;-104.53227996826172;
209855039.46376455;-104.13748931884766;
209999966.99999642;-89.106620788574219;
210144894.5362283;-102.40308380126953;
210289822.07246017;-104.76315307617187;
210434749.60869205;-102.90938568115234;
210579677.14492393;-104.42752838134766;
210724604.6811558;-105.11104583740234;
210869532.21738768;-104.67177581787109;
211014459.75361955;-103.71469879150391;
211159387.28985143;-105.91825866699219;
211304314.8260833;-103.71584320068359;
211449242.36231518;-103.67890930175781;
211594169.89854705;-104.88318634033203;
211739097.43477893;-103.93323516845703;
211884024.9710108;-102.95403289794922;
212028952.50724268;-104.76139068603516;
212173880.04347456;-105.41311645507812;
212318807.57970643;-105.08787536621094;
212463735.11593831;-104.04743194580078;
212608662.65217018;-104.66819763183594;
212753590.18840206;-104.81329345703125;
212898517.72463393;-103.85906219482422;
213043445.26086581;-104.20032501220703;
213188372.79709768;-105.36118316650391;
213333300.33332956;-104.25273132324219;
213478227.86956143;-103.95912933349609;
213623155.40579331;-104.70674896240234;
213768082.94202518;-104.07131958007812;
213913010.47825706;-105.46556854248047;
214057938.01448894;-106.43760681152344;
214202865.55072081;-104.83650207519531;
214347793.08695269;-105.16898345947266;
214492720.62318456;-105.60395050048828;
214637648.15941644;-103.86822509765625;
214782575.69564831;-105.51959991455078;
214927503.23188019;-105.34705352783203;
215072430.76811206;-105.75483703613281;
215217358.30434394;-106.86209106445312;
215362285.84057581;-104.31110382080078;
215507213.37680769;-104.64051055908203;
215652140.91303957;-104.40522766113281;
215797068.44927144;-104.34065246582031;
215941995.98550332;-105.55941009521484;
216086923.52173519;-104.95742797851562;
216231851.05796707;-105.58798980712891;
216376778.59419894;-105.83124542236328;
216521706.13043082;-104.25196838378906;
216666633.66666269;-106.41551971435547;
216811561.20289457;-103.89088439941406;
216956488.73912644;-105.17584228515625;
217101416.27535832;-104.97856140136719;
217246343.81159019;-107.11387634277344;
217391271.34782207;-105.86981201171875;
217536198.88405395;-105.12549591064453;
217681126.42028582;-104.86214447021484;
217826053.9565177;-104.55078887939453;
217970981.49274957;-105.16422271728516;
218115909.02898145;-105.10841369628906;
218260836.56521332;-106.07056427001953;
218405764.1014452;-104.10145568847656;
218550691.63767707;-106.0614013671875;
218695619.17390895;-105.29904937744141;
218840546.71014082;-105.77311706542969;
218985474.2463727;-104.94023132324219;
219130401.78260458;-104.00041198730469;
219275329.31883645;-103.76456451416016;
219420256.85506833;-104.47886657714844;
219565184.3913002;-107.09625244140625;
219710111.92753208;-104.03827667236328;
219855039.46376395;-104.69185638427734;
219999966.99999583;-95.972358703613281;
220144894.5362277;-105.85974884033203;
220289822.07245958;-104.62505340576172;
220434749.60869145;-104.9827880859375;
220579677.14492333;-103.77803802490234;
220724604.6811552;-104.50309753417969;
220869532.21738708;-104.96556854248047;
221014459.75361896;-104.33106231689453;
221159387.28985083;-104.60141754150391;
221304314.82608271;-106.74351501464844;
221449242.36231458;-104.94673919677734;
221594169.89854646;-104.39328765869141;
221739097.43477833;-102.57539367675781;
221884024.97101021;-104.63783264160156;
222028952.50724208;-104.81491851806641;
222173880.04347396;-105.71276092529297;
222318807.57970583;-105.06305694580078;
222463735.11593771;-104.15142822265625;
222608662.65216959;-105.6959228515625;
222753590.18840146;-104.86620330810547;
222898517.72463334;-105.46111297607422;
223043445.26086521;-105.18380737304687;
223188372.79709709;-104.9951171875;
223333300.33332896;-104.74993896484375;
223478227.86956084;-106.95692443847656;
223623155.40579271;-103.76561737060547;
223768082.94202459;-104.28125;
223913010.47825646;-107.04747772216797;
224057938.01448834;-106.21411895751953;
224202865.55072021;-105.00189208984375;
224347793.08695209;-104.43464660644531;
224492720.62318397;-105.09648895263672;
224637648.15941584;-105.01149749755859;
224782575.69564772;-105.51992797851562;
224927503.23187959;-105.08056640625;
225072430.76811147;-104.59639739990234;
225217358.30434334;-104.30354309082031;
225362285.84057522;-106.18636322021484;
225507213.37680709;-105.72682952880859;
225652140.91303897;-106.40886688232422;
225797068.44927084;-105.75169372558594;
225941995.98550272;-105.28475952148437;
226086923.5217346;-103.78649139404297;
226231851.05796647;-105.69575500488281;
226376778.59419835;-106.00012969970703;
226521706.13043022;-105.33249664306641;
226666633.6666621;-106.14042663574219;
226811561.20289397;-105.88575744628906;
226956488.73912585;-104.73572540283203;
227101416.27535772;-105.37186431884766;
227246343.8115896;-105.23188781738281;
227391271.34782147;-106.01535797119141;
227536198.88405335;-105.44969940185547;
227681126.42028522;-104.66239166259766;
227826053.9565171;-105.682861328125;
227970981.49274898;-105.56517028808594;
228115909.02898085;-106.10391235351563;
228260836.56521273;-106.71599578857422;
228405764.1014446;-104.95767211914062;
228550691.63767648;-104.84539794921875;
228695619.17390835;-103.5955810546875;
228840546.71014023;-105.40564727783203;
228985474.2463721;-106.53090667724609;
229130401.78260398;-105.85070037841797;
229275329.31883585;-105.3450927734375;
229420256.85506773;-105.89677429199219;
229565184.39129961;-104.20688629150391;
229710111.92753148;-105.05237579345703;
229855039.46376336;-104.88815307617187;
229999966.99999523;-105.64643096923828;
230144894.53622711;-104.06830596923828;
230289822.07245898;-105.64651489257812;
230434749.60869086;-105.35612487792969;
230579677.14492273;-103.72673034667969;
230724604.68115461;-105.29643249511719;
230869532.21738648;-104.64980316162109;
231014459.75361836;-106.23818206787109;
231159387.28985023;-104.54438018798828;
231304314.82608211;-106.42436981201172;
231449242.36231399;-104.45548248291016;
231594169.89854586;-105.08024597167969;
231739097.43477774;-105.76711273193359;
231884024.97100961;-105.28102111816406;
232028952.50724149;-104.90355682373047;
232173880.04347336;-104.91590881347656;
232318807.57970524;-106.22703552246094;
232463735.11593711;-105.18807220458984;
232608662.65216899;-106.10437774658203;
232753590.18840086;-104.74053192138672;
232898517.72463274;-104.25901031494141;
233043445.26086462;-105.33551025390625;
233188372.79709649;-104.71589660644531;
233333300.33332837;-104.23728942871094;
233478227.86956024;-104.33415985107422;
233623155.40579212;-105.58180999755859;
233768082.94202399;-104.85843658447266;
233913010.47825587;-106.29771423339844;
234057938.01448774;-103.81945037841797;
234202865.55071962;-104.51587677001953;
234347793.08695149;-103.28843688964844;
234492720.62318337;-104.51081085205078;
234637648.15941525;-106.17749786376953;
234782575.69564712;-106.01364135742187;
234927503.231879;-106.22428894042969;
235072430.76811087;-104.53597259521484;
235217358.30434275;-106.33026885986328;
235362285.84057462;-106.33860778808594;
235507213.3768065;-105.04744720458984;
235652140.91303837;-105.657958984375;
235797068.44927025;-105.48385620117187;
235941995.98550212;-104.74637603759766;
236086923.521734;-104.31606292724609;
236231851.05796587;-105.08312225341797;
236376778.59419775;-105.99929046630859;
236521706.13042963;-104.48362731933594;
236666633.6666615;-105.58225250244141;
236811561.20289338;-104.47573089599609;
236956488.73912525;-107.12706756591797;
237101416.27535713;-105.55813598632812;
237246343.811589;-103.5013427734375;
237391271.34782088;-105.00705718994141;
237536198.88405275;-105.01808929443359;
237681126.42028463;-105.18459320068359;
237826053.9565165;-105.45448303222656;
237970981.49274838;-103.48165130615234;
238115909.02898026;-104.40428161621094;
238260836.56521213;-105.36727905273437;
238405764.10144401;-106.03641510009766;
238550691.63767588;-105.44580841064453;
238695619.17390776;-104.17024230957031;
238840546.71013963;-105.36807250976562;
238985474.24637151;-105.45501708984375;
239130401.78260338;-104.35130310058594;
239275329.31883526;-104.44072723388672;
239420256.85506713;-105.52140045166016;
239565184.39129901;-106.57764434814453;
239710111.92753088;-105.57596588134766;
239855039.46376276;-105.37789916992187;
239999966.99999464;-73.792816162109375;
240144894.53622651;-104.52584075927734;
240289822.07245839;-103.16210174560547;
240434749.60869026;-105.15447235107422;
240579677.14492214;-105.17508697509766;
240724604.68115401;-104.34769439697266;
240869532.21738589;-105.3037109375;
241014459.75361776;-106.15457153320313;
241159387.28984964;-105.38500213623047;
241304314.82608151;-106.59402465820312;
241449242.36231339;-105.49237060546875;
241594169.89854527;-103.49738311767578;
241739097.43477714;-105.82237243652344;
241884024.97100902;-104.92144012451172;
242028952.50724089;-103.13866424560547;
242173880.04347277;-105.25128936767578;
242318807.57970464;-104.46696472167969;
242463735.11593652;-106.59358215332031;
242608662.65216839;-106.09358978271484;
242753590.18840027;-105.31487274169922;
242898517.72463214;-105.57671356201172;
243043445.26086402;-104.73757171630859;
243188372.79709589;-103.91537475585937;
243333300.33332777;-105.14579010009766;
243478227.86955965;-105.88420104980469;
243623155.40579152;-105.97396850585937;
243768082.9420234;-105.1236572265625;
243913010.47825527;-105.61786651611328;
244057938.01448715;-104.72211456298828;
244202865.55071902;-103.94426727294922;
244347793.0869509;-104.69509887695312;
244492720.62318277;-105.77888488769531;
244637648.15941465;-106.64422607421875;
244782575.69564652;-103.62291717529297;
244927503.2318784;-106.27011871337891;
245072430.76811028;-103.155517578125;
245217358.30434215;-106.7564697265625;
245362285.84057403;-104.5223388671875;
245507213.3768059;-103.87789916992187;
245652140.91303778;-105.38286590576172;
245797068.44926965;-105.03058624267578;
245941995.98550153;-104.75689697265625;
246086923.5217334;-104.634033203125;
246231851.05796528;-104.37278747558594;
246376778.59419715;-102.72364044189453;
246521706.13042903;-105.35237884521484;
246666633.6666609;-105.04821014404297;
246811561.20289278;-105.8427734375;
246956488.73912466;-105.65973663330078;
247101416.27535653;-104.17147064208984;
247246343.81158841;-104.96701812744141;
247391271.34782028;-105.47767639160156;
247536198.88405216;-104.84730529785156;
247681126.42028403;-104.79122161865234;
247826053.95651591;-105.85910034179687;
247970981.49274778;-105.22789764404297;
248115909.02897966;-105.27784729003906;
248260836.56521153;-104.55060577392578;
248405764.10144341;-104.95556640625;
248550691.63767529;-104.65292358398437;
248695619.17390716;-103.27667236328125;
248840546.71013904;-105.8126220703125;
248985474.24637091;-104.36170959472656;
249130401.78260279;-104.56203460693359;
249275329.31883466;-105.38285064697266;
249420256.85506654;-104.06063842773437;
249565184.39129841;-104.28617858886719;
249710111.92753029;-105.10984039306641;
249855039.46376216;-104.47242736816406;
249999966.99999404;-82.115608215332031;
